K: 1.0
dim: 6.0
Priors: [1.0]
Mu: [-0.068888, -0.085379, 0.05455, 0.079792, 0.084163, -0.052825]
Sigma: [0.002331, 0.00223, -0.001492, -0.001991, -0.001639, 0.001304, 0.00223, 0.002615,
  -0.001688, -0.002419, -0.002449, 0.001601, -0.001492, -0.001688, 0.001163, 0.001416,
  0.001442, -0.001025, -0.001991, -0.002419, 0.001416, 0.005124, 0.005611, -0.003565,
  -0.001639, -0.002449, 0.001442, 0.005611, 0.00767, -0.004768, 0.001304, 0.001601,
  -0.001025, -0.003565, -0.004768, 0.003469]
attractor: [-0.56, 0.0, 0.15, 0.0, 0.0, 0.0]
