K: 1.0
dim: 6.0
Priors: [1.0]
Mu: [-0.024201, 0.014545, 0.022981, 0.027319, -0.023599, -0.017081]
Sigma: [7.93E-4, -9.6E-5, -3.25E-4, -5.84E-4, 1.36E-4, 9.2E-5, -9.6E-5, 9.5E-4, 2.36E-4,
  1.96E-4, -9.84E-4, -8.6E-5, -3.25E-4, 2.36E-4, 2.07E-4, 2.9E-4, -2.81E-4, -9.5E-5,
  -5.84E-4, 1.96E-4, 2.9E-4, 5.07E-4, -2.53E-4, -1.05E-4, 1.36E-4, -9.84E-4, -2.81E-4,
  -2.53E-4, 0.001136, 1.77E-4, 9.2E-5, -8.6E-5, -9.5E-5, -1.05E-4, 1.77E-4, 1.69E-4]
attractor: [-0.56, 0.0, 0.15, 0.0, 0.0, 0.0]
