K: 1.0
dim: 6.0
Priors: [1]
Mu: [-0.042268, -0.027362, 0.001544, 0.133107, 0.090807, -0.004942]
Sigma: [0.001188, 7.35E-4, -3.5E-5, -0.003648, -0.002406, 1.13E-4, 7.35E-4, 4.79E-4,
  -2.5E-5, -0.002306, -0.001585, 8.7E-5, -3.5E-5, -2.5E-5, 3.0E-6, 1.22E-4, 8.8E-5,
  -6.0E-6, -0.003648, -0.002306, 1.22E-4, 0.019168, 0.012308, -7.08E-4, -0.002406,
  -0.001585, 8.8E-5, 0.012308, 0.00836, -5.35E-4, 1.13E-4, 8.7E-5, -6.0E-6, -7.08E-4,
  -5.35E-4, 4.7E-5]
attractor: [-0.56, 0.0, 0.15, 0.0, 0.0, 0.0]
