K: 1.0
dim: 6.0
Priors: [1]
Mu: [-0.054729, -0.059202, 0.040724, 0.042704, 0.046653, -0.035897]
Sigma: [0.001783, 0.001827, -0.001212, -0.001332, -0.001385, 0.001088, 0.001827, 0.002016,
  -0.001275, -0.001415, -0.00156, 0.001113, -0.001212, -0.001275, 8.92E-4, 9.33E-4,
  9.98E-4, -7.94E-4, -0.001332, -0.001415, 9.33E-4, 0.002299, 0.002388, -0.001476,
  -0.001385, -0.00156, 9.98E-4, 0.002388, 0.002637, -0.001544, 0.001088, 0.001113,
  -7.94E-4, -0.001476, -0.001544, 0.001172]
attractor: [0.0, 0.0, 0.0, 0.0, 0.0, 0.0]
