name: iCub-Linear-Loco
K: 1.0
M: 2.0
Priors: [1]
Mu: [2.0, -4.0]
Sigma: [1, 0, 0, 1]
A: [-0.035, 0, 0, -0.095]
attractor: [2.0, -2.0]
x0_all: [-0.011552011940624496, 0.2900086080765134, -0.247099720234218, 0.5859616842885562,
  0.009730616884930932, 0.35012041354845524]
dt: 0.01745128631591797
